2.899999999999999911e+00
2.899999999999999911e+00
3.000000000000000000e+00
3.000000000000000000e+00
2.899999999999999911e+00
3.100000000000000089e+00
2.899999999999999911e+00
2.899999999999999911e+00
3.200000000000000178e+00
2.899999999999999911e+00
3.100000000000000089e+00
3.100000000000000089e+00
3.100000000000000089e+00
3.000000000000000000e+00
3.000000000000000000e+00
2.899999999999999911e+00
2.899999999999999911e+00
2.899999999999999911e+00
3.000000000000000000e+00
3.100000000000000089e+00
3.100000000000000089e+00
2.899999999999999911e+00
3.100000000000000089e+00
3.100000000000000089e+00
2.899999999999999911e+00
3.100000000000000089e+00
2.899999999999999911e+00
2.799999999999999822e+00
2.799999999999999822e+00
3.000000000000000000e+00
2.899999999999999911e+00
3.000000000000000000e+00
3.000000000000000000e+00
2.899999999999999911e+00
3.100000000000000089e+00
3.100000000000000089e+00
3.200000000000000178e+00
3.100000000000000089e+00
3.000000000000000000e+00
2.899999999999999911e+00
3.100000000000000089e+00
3.000000000000000000e+00
3.000000000000000000e+00
3.000000000000000000e+00
3.000000000000000000e+00
3.000000000000000000e+00
2.899999999999999911e+00
3.000000000000000000e+00
3.100000000000000089e+00
3.200000000000000178e+00
2.899999999999999911e+00
2.899999999999999911e+00
2.799999999999999822e+00
3.100000000000000089e+00
3.000000000000000000e+00
3.000000000000000000e+00
3.000000000000000000e+00
3.100000000000000089e+00
3.100000000000000089e+00
3.100000000000000089e+00
3.000000000000000000e+00
3.000000000000000000e+00
3.100000000000000089e+00
2.899999999999999911e+00
3.100000000000000089e+00
3.200000000000000178e+00
3.000000000000000000e+00
3.100000000000000089e+00
2.899999999999999911e+00
2.899999999999999911e+00
3.000000000000000000e+00
2.700000000000000178e+00
2.899999999999999911e+00
2.899999999999999911e+00
2.899999999999999911e+00
3.000000000000000000e+00
2.899999999999999911e+00
2.899999999999999911e+00
3.000000000000000000e+00
2.899999999999999911e+00
3.000000000000000000e+00
2.899999999999999911e+00
2.799999999999999822e+00
3.000000000000000000e+00
3.000000000000000000e+00
3.000000000000000000e+00
3.100000000000000089e+00
3.200000000000000178e+00
3.000000000000000000e+00
3.000000000000000000e+00
3.100000000000000089e+00
2.899999999999999911e+00
3.000000000000000000e+00
3.000000000000000000e+00
3.000000000000000000e+00
3.000000000000000000e+00
2.899999999999999911e+00
3.000000000000000000e+00
3.200000000000000178e+00
3.200000000000000178e+00
3.000000000000000000e+00
3.000000000000000000e+00
2.799999999999999822e+00
3.100000000000000089e+00
3.100000000000000089e+00
3.100000000000000089e+00
2.899999999999999911e+00
3.000000000000000000e+00
3.000000000000000000e+00
3.100000000000000089e+00
2.899999999999999911e+00
2.899999999999999911e+00
3.000000000000000000e+00
2.700000000000000178e+00
3.000000000000000000e+00
2.899999999999999911e+00
2.899999999999999911e+00
3.100000000000000089e+00
2.899999999999999911e+00
3.000000000000000000e+00
2.799999999999999822e+00
3.100000000000000089e+00
3.000000000000000000e+00
3.100000000000000089e+00
3.100000000000000089e+00
2.899999999999999911e+00
3.100000000000000089e+00
3.000000000000000000e+00
3.100000000000000089e+00
2.899999999999999911e+00
3.100000000000000089e+00
2.799999999999999822e+00
3.000000000000000000e+00
2.899999999999999911e+00
3.000000000000000000e+00
3.000000000000000000e+00
2.899999999999999911e+00
3.000000000000000000e+00
2.899999999999999911e+00
3.000000000000000000e+00
3.100000000000000089e+00
3.200000000000000178e+00
3.200000000000000178e+00
2.799999999999999822e+00
2.899999999999999911e+00
3.100000000000000089e+00
3.100000000000000089e+00
3.000000000000000000e+00
2.899999999999999911e+00
3.100000000000000089e+00
2.899999999999999911e+00
2.899999999999999911e+00
3.000000000000000000e+00
3.000000000000000000e+00
2.799999999999999822e+00
3.100000000000000089e+00
2.899999999999999911e+00
3.000000000000000000e+00
3.100000000000000089e+00
2.899999999999999911e+00
3.100000000000000089e+00
3.000000000000000000e+00
3.399999999999999911e+00
3.000000000000000000e+00
3.000000000000000000e+00
3.000000000000000000e+00
2.899999999999999911e+00
3.000000000000000000e+00
3.000000000000000000e+00
3.100000000000000089e+00
3.000000000000000000e+00
3.200000000000000178e+00
3.100000000000000089e+00
2.899999999999999911e+00
3.200000000000000178e+00
3.100000000000000089e+00
3.000000000000000000e+00
2.899999999999999911e+00
2.899999999999999911e+00
3.100000000000000089e+00
3.000000000000000000e+00
2.899999999999999911e+00
3.000000000000000000e+00
3.000000000000000000e+00
3.100000000000000089e+00
3.100000000000000089e+00
3.000000000000000000e+00
2.899999999999999911e+00
3.000000000000000000e+00
3.000000000000000000e+00
3.200000000000000178e+00
2.899999999999999911e+00
3.100000000000000089e+00
3.000000000000000000e+00
3.299999999999999822e+00
3.000000000000000000e+00
3.100000000000000089e+00
3.299999999999999822e+00
3.000000000000000000e+00
3.100000000000000089e+00
3.000000000000000000e+00
3.100000000000000089e+00
3.200000000000000178e+00
2.799999999999999822e+00
2.899999999999999911e+00
2.799999999999999822e+00
3.100000000000000089e+00
3.100000000000000089e+00
3.000000000000000000e+00
3.000000000000000000e+00
3.000000000000000000e+00
3.000000000000000000e+00
3.100000000000000089e+00
3.100000000000000089e+00
2.799999999999999822e+00
3.200000000000000178e+00
2.899999999999999911e+00
2.899999999999999911e+00
2.899999999999999911e+00
3.000000000000000000e+00
2.799999999999999822e+00
2.899999999999999911e+00
3.000000000000000000e+00
3.100000000000000089e+00
3.000000000000000000e+00
2.899999999999999911e+00
2.899999999999999911e+00
2.799999999999999822e+00
2.899999999999999911e+00
2.899999999999999911e+00
3.000000000000000000e+00
2.899999999999999911e+00
3.100000000000000089e+00
2.799999999999999822e+00
3.100000000000000089e+00
3.000000000000000000e+00
3.100000000000000089e+00
3.100000000000000089e+00
3.000000000000000000e+00
3.000000000000000000e+00
2.899999999999999911e+00
2.799999999999999822e+00
3.100000000000000089e+00
3.000000000000000000e+00
3.100000000000000089e+00
3.200000000000000178e+00
3.000000000000000000e+00
3.000000000000000000e+00
2.899999999999999911e+00
3.100000000000000089e+00
3.000000000000000000e+00
3.000000000000000000e+00
3.000000000000000000e+00
2.899999999999999911e+00
3.100000000000000089e+00
3.100000000000000089e+00
2.899999999999999911e+00
3.000000000000000000e+00
3.000000000000000000e+00
3.000000000000000000e+00
3.000000000000000000e+00
3.100000000000000089e+00
3.200000000000000178e+00
3.000000000000000000e+00
3.100000000000000089e+00
3.100000000000000089e+00
3.000000000000000000e+00
2.899999999999999911e+00
2.899999999999999911e+00
3.000000000000000000e+00
3.100000000000000089e+00
3.100000000000000089e+00
2.700000000000000178e+00
3.000000000000000000e+00
3.000000000000000000e+00
3.000000000000000000e+00
3.000000000000000000e+00
2.799999999999999822e+00
2.799999999999999822e+00
2.899999999999999911e+00
3.100000000000000089e+00
3.000000000000000000e+00
3.000000000000000000e+00
2.899999999999999911e+00
2.899999999999999911e+00
3.100000000000000089e+00
2.899999999999999911e+00
3.000000000000000000e+00
3.100000000000000089e+00
2.899999999999999911e+00
3.000000000000000000e+00
3.100000000000000089e+00
2.899999999999999911e+00
3.200000000000000178e+00
3.100000000000000089e+00
2.899999999999999911e+00
3.200000000000000178e+00
2.899999999999999911e+00
3.000000000000000000e+00
3.100000000000000089e+00
3.000000000000000000e+00
3.000000000000000000e+00
3.100000000000000089e+00
3.200000000000000178e+00
3.000000000000000000e+00
3.000000000000000000e+00
2.799999999999999822e+00
3.000000000000000000e+00
3.100000000000000089e+00
3.000000000000000000e+00
3.000000000000000000e+00
2.899999999999999911e+00
3.000000000000000000e+00
3.200000000000000178e+00
2.899999999999999911e+00
2.899999999999999911e+00
2.899999999999999911e+00
3.000000000000000000e+00
3.200000000000000178e+00
2.899999999999999911e+00
3.000000000000000000e+00
3.100000000000000089e+00
2.899999999999999911e+00
3.000000000000000000e+00
3.000000000000000000e+00
3.000000000000000000e+00
3.000000000000000000e+00
3.000000000000000000e+00
3.000000000000000000e+00
3.000000000000000000e+00
3.000000000000000000e+00
2.899999999999999911e+00
3.100000000000000089e+00
3.000000000000000000e+00
3.000000000000000000e+00
2.899999999999999911e+00
2.899999999999999911e+00
3.100000000000000089e+00
2.899999999999999911e+00
3.100000000000000089e+00
3.000000000000000000e+00
2.899999999999999911e+00
3.000000000000000000e+00
3.000000000000000000e+00
3.000000000000000000e+00
2.899999999999999911e+00
2.899999999999999911e+00
2.799999999999999822e+00
2.899999999999999911e+00
2.899999999999999911e+00
3.000000000000000000e+00
3.000000000000000000e+00
3.000000000000000000e+00
3.100000000000000089e+00
2.899999999999999911e+00
2.899999999999999911e+00
3.000000000000000000e+00
3.200000000000000178e+00
3.000000000000000000e+00
3.100000000000000089e+00
2.899999999999999911e+00
3.100000000000000089e+00
3.000000000000000000e+00
3.000000000000000000e+00
2.899999999999999911e+00
3.000000000000000000e+00
3.100000000000000089e+00
3.000000000000000000e+00
2.899999999999999911e+00
3.200000000000000178e+00
2.899999999999999911e+00
2.899999999999999911e+00
3.000000000000000000e+00
3.000000000000000000e+00
2.899999999999999911e+00
2.899999999999999911e+00
2.899999999999999911e+00
3.000000000000000000e+00
3.000000000000000000e+00
3.000000000000000000e+00
3.299999999999999822e+00
3.000000000000000000e+00
3.100000000000000089e+00
2.899999999999999911e+00
3.000000000000000000e+00
2.899999999999999911e+00
3.000000000000000000e+00
3.100000000000000089e+00
2.899999999999999911e+00
3.100000000000000089e+00
2.899999999999999911e+00
3.000000000000000000e+00
2.899999999999999911e+00
3.000000000000000000e+00
2.799999999999999822e+00
3.100000000000000089e+00
3.000000000000000000e+00
3.100000000000000089e+00
2.799999999999999822e+00
3.200000000000000178e+00
